$SPEC_ID:
Calibration
$SPEC_REM:
DET# 1
DETDESC# SCE-SOPA-01043 Easy-MCA-2k SN 15352521
AP# Maestro-PRO Version 9, 0, 2, 0
$DATE_MEA:
02/06/2026 15:41:47
$MEAS_TIM:
299.68 300.00
$DATA:
0 2047
       0
       0
       0
       0
       0
       0
       0
       0
       0
       0
       0
       0
       0
       0
       0
       0
       2
       0
       2
      99
      86
      62
      49
      54
      32
      38
      55
      38
      37
      41
      45
      37
      43
      43
      46
      47
      51
      55
      49
      43
      47
      40
      58
      48
      45
      64
      50
      62
      44
      41
      46
      37
      51
      45
      51
      52
      44
      43
      47
      56
      53
      52
      69
      50
      44
      71
      57
      62
      52
      67
      63
      59
      54
      56
      49
      56
      52
      62
      53
      50
      45
      56
      67
      71
      54
      64
      65
      62
      57
      52
      54
      52
      63
      76
      72
      83
      79
      76
      88
      99
     106
     120
     126
     134
     140
     123
     122
     131
     145
     151
     152
     151
     156
     120
     136
     137
     117
     122
     127
     113
      99
     104
     121
      87
      88
      84
      78
      70
      83
      85
      83
      78
      62
      59
      70
      50
      69
      47
      63
      51
      56
      42
      48
      57
      55
      47
      65
      57
      60
      48
      48
      43
      51
      51
      42
      52
      59
      56
      42
      44
      50
      43
      50
      49
      55
      66
      60
      48
      55
      55
      56
      47
      51
      57
      56
      55
      34
      46
      50
      58
      51
      58
      60
      53
      54
      45
      42
      44
      51
      54
      54
      74
      58
      58
      46
      56
      57
      58
      65
      56
      45
      44
      45
      63
      50
      49
      54
      54
      52
      57
      58
      47
      54
      67
      53
      61
      59
      47
      62
      58
      46
      50
      70
      57
      65
      61
      52
      52
      53
      60
      51
      74
      70
      54
      60
      62
      73
      61
      88
      64
      63
      52
      79
      67
      74
      67
      76
      90
      58
      68
      82
      63
      67
      77
      85
      65
      77
      91
      58
      72
      73
      63
      82
      77
      79
      76
      93
      82
      66
      79
      65
      79
      72
      91
      81
      66
      73
      73
      66
      61
      63
      61
      73
      71
      77
      70
      67
      50
      65
      61
      59
      78
      59
      64
      59
      65
      49
      60
      60
      65
      58
      56
      63
      53
      51
      53
      73
      44
      63
      40
      58
      62
      54
      54
      63
      51
      54
      59
      61
      55
      55
      44
      46
      56
      49
      55
      55
      51
      48
      61
      62
      55
      53
      57
      50
      58
      37
      60
      48
      51
      45
      54
      50
      43
      31
      55
      52
      49
      41
      51
      50
      43
      51
      46
      45
      52
      55
      63
      50
      41
      45
      40
      43
      49
      51
      47
      52
      39
      49
      48
      55
      49
      45
      51
      56
      43
      45
      39
      47
      64
      44
      43
      31
      34
      41
      44
      42
      48
      44
      37
      41
      41
      38
      40
      48
      44
      45
      43
      54
      36
      45
      39
      57
      41
      52
      40
      33
      40
      44
      42
      45
      49
      38
      41
      48
      42
      45
      34
      33
      52
      34
      48
      40
      37
      43
      33
      53
      44
      36
      45
      41
      43
      44
      55
      44
      50
      50
      40
      39
      39
      46
      37
      44
      42
      33
      41
      49
      46
      45
      38
      40
      45
      42
      55
      36
      54
      53
      32
      45
      45
      41
      44
      48
      35
      39
      41
      48
      36
      60
      44
      39
      33
      46
      27
      39
      38
      38
      53
      36
      34
      41
      31
      46
      44
      36
      50
      44
      43
      57
      42
      34
      35
      36
      51
      40
      44
      34
      48
      44
      42
      50
      44
      32
      42
      43
      41
      48
      48
      39
      42
      39
      47
      47
      59
      48
      36
      42
      55
      45
      42
      41
      31
      57
      34
      46
      50
      56
      49
      40
      46
      58
      42
      39
      39
      46
      49
      51
      35
      48
      33
      45
      37
      47
      39
      51
      38
      37
      50
      40
      56
      46
      36
      44
      35
      43
      47
      38
      48
      39
      41
      36
      52
      52
      33
      45
      40
      40
      44
      55
      35
      40
      28
      41
      53
      30
      31
      29
      32
      30
      29
      43
      39
      34
      40
      50
      28
      40
      29
      32
      42
      32
      40
      41
      33
      28
      29
      40
      27
      32
      21
      32
      35
      29
      32
      33
      28
      22
      25
      27
      26
      20
      27
      22
      26
      23
      22
      26
      32
      28
      31
      19
      23
      25
      22
      20
      19
      23
      25
      22
      21
      24
      24
      16
      20
      22
      18
      26
      26
      18
      18
      16
      20
      17
      18
      16
      18
      16
      23
      24
      22
      18
      20
      14
      17
      18
      12
      13
      19
      24
      23
      15
      15
      22
      15
      21
      19
      15
      14
      14
      19
      19
      19
      22
      17
      22
      17
      12
      16
      16
      21
      16
      16
      16
      19
      13
      13
      15
      11
      10
      11
      21
      19
      18
      10
       9
      11
      20
      13
       9
      13
      15
      23
      11
      17
      17
      22
      11
      13
      16
      17
      18
      14
      13
      24
      13
      18
      21
      15
      17
      22
      13
      16
      18
      11
      21
      18
      14
      14
      20
      20
      14
      16
      23
       9
      14
      16
      22
      14
      16
      19
      19
      18
      24
      19
      25
      16
      18
      14
      16
      19
      19
      19
      21
      29
      28
      25
      17
      17
      24
      23
      14
      19
      18
      25
      28
      17
      15
      18
      23
      25
      32
      21
      29
      29
      26
      18
      25
      19
      34
      39
      35
      30
      31
      29
      40
      32
      38
      48
      29
      33
      27
      32
      41
      30
      30
      43
      39
      48
      53
      46
      41
      50
      43
      59
      45
      53
      46
      59
      59
      46
      64
      65
      53
      57
      57
      63
      61
      54
      68
      76
      65
      68
      61
      54
      76
      64
      69
      65
      76
      74
      79
      69
      80
      88
      79
      67
      83
      65
      76
      76
      86
      81
      80
      67
      78
      74
      57
      88
      77
      67
      64
      64
      74
      59
      74
      64
      72
      57
      70
      61
      67
      57
      66
      46
      54
      55
      62
      58
      50
      45
      58
      53
      37
      38
      45
      40
      36
      38
      28
      37
      24
      23
      21
      22
      26
      22
      26
      15
      13
      24
      11
      15
      17
      15
      13
       9
       6
      15
      10
      15
       9
      10
      13
       6
       2
      10
       3
       9
       7
       5
       6
       3
       6
       4
       3
       1
       0
       4
       0
       2
       2
       2
       2
       1
       2
       2
       0
       2
       2
       0
       1
       2
       0
       2
       1
       1
       2
       0
       1
       0
       2
       0
       0
       0
       1
       1
       0
       0
       0
       1
       0
       1
       0
       0
       0
       0
       0
       0
       0
       0
       0
       1
       1
       0
       1
       1
       0
       0
       0
       1
       1
       0
       0
       0
       0
       0
       0
       0
       0
       0
       2
       0
       0
       0
       0
       0
       0
       1
       1
       0
       0
       0
       0
       0
       0
       0
       1
       0
       0
       0
       0
       1
       0
       1
       1
       0
       0
       0
       0
       1
       0
       1
       1
       0
       0
       0
       0
       0
       0
       0
       1
       0
       0
       0
       2
       0
       0
       0
       0
       0
       0
       1
       2
       0
       0
       0
       0
       0
       0
       0
       0
       0
       0
       0
       0
       0
       0
       0
       0
       0
       0
       0
       0
       0
       0
       0
       0
       0
       0
       0
       0
       1
       0
       1
       0
       0
       0
       0
       1
       0
       0
       0
       0
       1
       1
       0
       0
       1
       1
       0
       0
       0
       0
       0
       0
       1
       0
       1
       0
       2
       1
       0
       0
       0
       0
       0
       0
       0
       0
       1
       0
       1
       0
       0
       0
       0
       0
       0
       1
       0
       0
       0
       0
       1
       0
       0
       0
       1
       0
       0
       0
       0
       1
       1
       0
       1
       0
       0
       1
       1
       0
       0
       1
       0
       0
       0
       0
       0
       0
       1
       0
       0
       0
       0
       0
       0
       0
       0
       0
       0
       1
       0
       0
       0
       1
       1
       0
       0
       0
       0
       0
       1
       1
       0
       0
       0
       0
       0
       1
       0
       0
       0
       1
       0
       1
       0
       0
       0
       0
       0
       0
       0
       0
       0
       0
       0
       0
       0
       0
       0
       0
       0
       0
       0
       0
       0
       0
       0
       2
       0
       1
       1
       0
       0
       0
       0
       0
       0
       0
       0
       0
       0
       0
       0
       0
       0
       0
       0
       0
       0
       0
       0
       0
       0
       1
       1
       0
       0
       0
       0
       0
       0
       0
       1
       0
       0
       0
       0
       0
       0
       0
       0
       1
       1
       0
       0
       0
       0
       0
       0
       0
       0
       0
       0
       0
       0
       0
       0
       0
       0
       0
       0
       0
       0
       0
       0
       1
       0
       0
       0
       0
       0
       0
       0
       0
       1
       1
       1
       1
       1
       0
       0
       0
       0
       1
       0
       0
       0
       0
       0
       0
       0
       0
       0
       0
       1
       0
       0
       0
       0
       0
       0
       0
       0
       0
       0
       0
       0
       0
       0
       0
       0
       0
       0
       0
       1
       0
       0
       0
       0
       0
       0
       0
       0
       0
       0
       0
       1
       0
       0
       0
       1
       0
       0
       0
       0
       0
       0
       0
       1
       0
       0
       0
       0
       1
       0
       0
       0
       0
       0
       1
       0
       0
       1
       0
       0
       0
       0
       0
       0
       1
       0
       0
       0
       0
       0
       0
       0
       0
       0
       0
       0
       0
       0
       0
       0
       0
       0
       0
       0
       0
       0
       1
       0
       0
       1
       0
       0
       0
       0
       0
       0
       0
       0
       0
       0
       1
       0
       0
       0
       0
       0
       0
       0
       1
       0
       1
       0
       0
       1
       1
       0
       0
       0
       0
       0
       0
       0
       0
       0
       0
       0
       0
       0
       0
       0
       0
       0
       1
       0
       0
       0
       0
       0
       1
       0
       0
       1
       0
       0
       0
       0
       0
       0
       0
       1
       0
       1
       1
       0
       0
       0
       0
       0
       1
       0
       0
       1
       0
       0
       0
       0
       0
       0
       1
       0
       0
       0
       0
       0
       0
       0
       0
       0
       0
       0
       0
       0
       1
       0
       0
       0
       0
       0
       0
       0
       0
       0
       0
       0
       0
       0
       0
       1
       1
       0
       1
       0
       0
       0
       0
       0
       0
       0
       0
       1
       1
       0
       0
       0
       0
       0
       0
       0
       0
       0
       0
       0
       0
       0
       0
       1
       1
       0
       0
       0
       0
       0
       0
       0
       0
       0
       0
       0
       0
       0
       0
       0
       0
       0
       0
       0
       0
       0
       0
       1
       0
       0
       0
       1
       1
       0
       0
       0
       0
       0
       0
       0
       0
       0
       0
       0
       0
       0
       0
       0
       0
       0
       0
       0
       0
       0
       0
       0
       0
       0
       0
       0
       0
       0
       0
       0
       0
       0
       0
       0
       1
       0
       0
       0
       0
       0
       0
       0
       0
       0
       0
       0
       0
       0
       0
       0
       0
       0
       0
       0
       0
       0
       0
       0
       0
       0
       0
       0
       0
       0
       0
       0
       0
       0
       0
       0
       0
       1
       0
       0
       0
       0
       0
       0
       0
       0
       0
       0
       0
       0
       0
       0
       0
       0
       0
       0
       0
       0
       0
       0
       0
       0
       0
       0
       0
       0
       0
       0
       0
       0
       0
       0
       0
       0
       0
       0
       0
       0
       0
       0
       0
       0
       0
       0
       0
       0
       0
       0
       0
       0
       0
       0
       0
       0
       1
       0
       0
       0
       0
       0
       0
       0
       0
       0
       0
       1
       1
       0
       0
       0
       0
       0
       0
       0
       1
       0
       0
       0
       0
       0
       0
       0
       0
       0
       0
       1
       0
       0
       1
       0
       0
       0
       0
       0
       0
       0
       0
       0
       0
       0
       0
       0
       0
       0
       0
       0
       0
       0
       0
       0
       0
       0
       1
       0
       0
       0
       0
       1
       0
       0
       1
       0
       0
       0
       0
       0
       0
       0
       0
       0
       0
       0
       0
       0
       0
       0
       0
       0
       0
       0
       0
       0
       0
       0
       0
       0
       0
       0
       0
       0
       0
       0
       0
       0
       1
       0
       0
       0
       0
       0
       0
       0
       0
       1
       0
       0
       0
       0
       0
       0
       1
       0
       0
       0
       0
       0
       1
       0
       1
       0
       1
       0
       0
       0
       0
       0
       0
       0
       1
       0
       0
       0
       0
       0
       0
       0
       0
       0
       0
       0
       1
       0
       0
       0
       0
       0
       1
       0
       0
       0
       0
       1
       0
       0
       0
       0
       0
       0
       0
       0
       0
       0
       1
       0
       0
       0
       0
       0
       0
       0
       0
       0
       0
       0
       0
       0
       0
       0
       0
       0
       0
       0
       0
       0
       0
       0
       0
       0
       0
       0
       0
       0
       1
       0
       0
       0
       1
       0
       0
       0
       0
       1
       0
       0
       0
       0
       0
       0
       0
       0
       0
       0
       0
       0
       0
       0
       1
       0
       0
       0
       0
       0
       0
       0
       0
       0
       0
       0
       0
       0
       0
       0
       0
       0
       0
       0
       1
       0
       1
       0
       0
       1
       0
       0
       0
       0
       0
       0
       0
       0
       0
       0
       0
       0
       0
       0
       0
       0
       0
       0
       0
       0
       0
       0
       0
       0
       0
       0
       0
       0
       0
       0
       0
       0
       0
       0
       0
       0
       0
       0
       0
       0
       0
       0
       0
       0
       0
       0
       0
       0
       0
       0
       0
       0
       0
       0
       1
       0
       0
       0
       0
       0
       0
       0
       0
       0
       0
       0
       0
       0
       0
       0
       0
       0
       0
       0
       0
       0
       0
       0
       0
       0
       0
       0
       0
       0
       0
       0
       0
       0
       0
       0
       0
       0
       0
       0
       0
       0
       0
       0
       0
       0
       0
       0
       0
       0
       0
       0
       0
       0
       0
       0
       0
       0
       0
       0
       0
       0
       0
       0
       0
       0
$ROI:
1
751 890
$PRESETS:
Real Time
300
0
$ENER_FIT:
0.000000 1.262110
$MCA_CAL:
3
0.000000E+000 1.262110E+000 0.000000E+000 keV
$SHAPE_CAL:
3
0.000000E+000 0.000000E+000 0.000000E+000
